5.165023669795806849e-04 6.014911315717102374e-04 6.211688457142210519e-04 6.051677985059895079e-04 5.686698127781958205e-04 5.247423810987222664e-04 4.779895228937369972e-04 4.272377451538072178e-04 3.783482583490076364e-04 3.330486670522758426e-04 2.907374794312611891e-04 2.568371774146758265e-04 2.317173778778114704e-04 1.765643911407321475e-04 1.030479019029428503e-04
6.014911315717102374e-04 7.921889310879786207e-04 8.792567952536755466e-04 8.907298622583323779e-04 8.577725195133913171e-04 8.072583803581188499e-04 7.499696930784745643e-04 6.851987188711228206e-04 6.204968059565638605e-04 5.580544478227059948e-04 4.989081855288620771e-04 4.493104955153333206e-04 4.102992551113756377e-04 3.195530813943002436e-04 1.867566588843145117e-04
6.211688457142210519e-04 8.792567952536755466e-04 1.045522308204725965e-03 1.107397772759895552e-03 1.095468765841439143e-03 1.050421174881379510e-03 9.907961349335579846e-04 9.190025728785280708e-04 8.473867315993805719e-04 7.752447060528834966e-04 7.043273756706505467e-04 6.419113490219260530e-04 5.895725061670288765e-04 4.652434835768490869e-04 2.784449467129413640e-04
6.051677985059895079e-04 8.907298622583323779e-04 1.107397772759895552e-03 1.230174131179634324e-03 1.262459423857100090e-03 1.239468197893985567e-03 1.188661506661540341e-03 1.117866011372238132e-03 1.044805635710152484e-03 9.682652137542668369e-04 8.907478790310740602e-04 8.198215937373117945e-04 7.574413097542668062e-04 6.068205616055505781e-04 3.759080112149553897e-04
5.686698127781958205e-04 8.577725195133913171e-04 1.095468765841439143e-03 1.262459423857100090e-03 1.351799661551757051e-03 1.372588994777041013e-03 1.346764316841745409e-03 1.287416690789982502e-03 1.219804740805190309e-03 1.143874282785810196e-03 1.063970498527750134e-03 9.878578551810162506e-04 9.183399644171119300e-04 7.461995407264356483e-04 4.743074839071180276e-04
5.247423810987222664e-04 8.072583803581188499e-04 1.050421174881379510e-03 1.239468197893985567e-03 1.372588994777041013e-03 1.448901031492036244e-03 1.466415214422039362e-03 1.433142567816463432e-03 1.380507413840017378e-03 1.311501853331759277e-03 1.232385685289845391e-03 1.152783928286227290e-03 1.077258354860140830e-03 8.837966160079330918e-04 5.707212197319891682e-04
4.779895228937369972e-04 7.499696930784745643e-04 9.907961349335579846e-04 1.188661506661540341e-03 1.346764316841745409e-03 1.466415214422039362e-03 1.538179753630339970e-03 1.547893082937632945e-03 1.521728372376394663e-03 1.468257250857811459e-03 1.394414472494881832e-03 1.313398116613571139e-03 1.233399042521959301e-03 1.021213293207236033e-03 6.694917250454152308e-04
4.272377451538072178e-04 6.851987188711228206e-04 9.190025728785280708e-04 1.117866011372238132e-03 1.287416690789982502e-03 1.433142567816463432e-03 1.547893082937632945e-03 1.611694092253134489e-03 1.626098954019061750e-03 1.599019118577906960e-03 1.538835823725606070e-03 1.462021337478890083e-03 1.380637852919573173e-03 1.156955473638853708e-03 7.753399807495417982e-04
3.783482583490076364e-04 6.204968059565638605e-04 8.473867315993805719e-04 1.044805635710152484e-03 1.219804740805190309e-03 1.380507413840017378e-03 1.521728372376394663e-03 1.626098954019061750e-03 1.687470258117744135e-03 1.697558271903107071e-03 1.660874356027910830e-03 1.597129146801541492e-03 1.521556377438149175e-03 1.296881929812145626e-03 8.867027162286105543e-04
3.330486670522758426e-04 5.580544478227059948e-04 7.752447060528834966e-04 9.682652137542668369e-04 1.143874282785810196e-03 1.311501853331759277e-03 1.468257250857811459e-03 1.599019118577906960e-03 1.697558271903107071e-03 1.749012474231558196e-03 1.744221122557731334e-03 1.701319488499441167e-03 1.638149599089959484e-03 1.422681427917301062e-03 9.917225626509410322e-04
2.907374794312611891e-04 4.989081855288620771e-04 7.043273756706505467e-04 8.907478790310740602e-04 1.063970498527750134e-03 1.232385685289845391e-03 1.394414472494881832e-03 1.538835823725606070e-03 1.660874356027910830e-03 1.744221122557731334e-03 1.774056981338975559e-03 1.759504929611521934e-03 1.715860868584998238e-03 1.523911906832664705e-03 1.083254267123253929e-03
2.568371774146758265e-04 4.493104955153333206e-04 6.419113490219260530e-04 8.198215937373117945e-04 9.878578551810162506e-04 1.152783928286227290e-03 1.313398116613571139e-03 1.462021337478890083e-03 1.597129146801541492e-03 1.701319488499441167e-03 1.759504929611521934e-03 1.776177680361118016e-03 1.758723562228757704e-03 1.604525143975591523e-03 1.164452661585217881e-03
2.317173778778114704e-04 4.102992551113756377e-04 5.895725061670288765e-04 7.574413097542668062e-04 9.183399644171119300e-04 1.077258354860140830e-03 1.233399042521959301e-03 1.380637852919573173e-03 1.521556377438149175e-03 1.638149599089959484e-03 1.715860868584998238e-03 1.758723562228757704e-03 1.770416399902360926e-03 1.667348217012847933e-03 1.237969476145219828e-03
1.765643911407321475e-04 3.195530813943002436e-04 4.652434835768490869e-04 6.068205616055505781e-04 7.461995407264356483e-04 8.837966160079330918e-04 1.021213293207236033e-03 1.156955473638853708e-03 1.296881929812145626e-03 1.422681427917301062e-03 1.523911906832664705e-03 1.604525143975591523e-03 1.667348217012847933e-03 1.735382557505007377e-03 1.403749474726995053e-03
1.030479019029428503e-04 1.867566588843145117e-04 2.784449467129413640e-04 3.759080112149553897e-04 4.743074839071180276e-04 5.707212197319891682e-04 6.694917250454152308e-04 7.753399807495417982e-04 8.867027162286105543e-04 9.917225626509410322e-04 1.083254267123253929e-03 1.164452661585217881e-03 1.237969476145219828e-03 1.403749474726995053e-03 1.421776413142128827e-03
