4.299853254177684128e-05 4.857712452989179592e-05 5.250117312071792697e-05 5.516267355020389054e-05 5.639824273468113484e-05 5.657578174669710655e-05 5.581222595347527050e-05 5.385544738450698921e-05 5.119163136038421230e-05 4.825213117910713925e-05 4.508282591472612951e-05 4.246584334749147887e-05 4.032749468347877268e-05 3.396477201587557316e-05 2.437444917080936306e-05
4.857712452989179592e-05 6.222606275514706365e-05 7.235356911328758684e-05 7.907097787222546836e-05 8.285406917653113804e-05 8.477332642655200398e-05 8.529295902139442519e-05 8.413776261580951596e-05 8.180142697112475494e-05 7.879949301948952086e-05 7.543112169217461044e-05 7.246641735478466387e-05 6.967793927212140195e-05 6.007717495535083978e-05 4.344721825172647128e-05
5.250117312071792697e-05 7.235356911328758684e-05 9.018568781143912927e-05 1.030611340730603470e-04 1.109339986595217129e-04 1.156377128235785154e-04 1.181145835989985010e-04 1.182893065406111915e-04 1.171077427182538579e-04 1.147620306797911559e-04 1.116530272263903823e-04 1.085671668896883541e-04 1.050130579014689849e-04 9.181389115306798864e-05 6.823194953226895186e-05
5.516267355020389054e-05 7.907097787222546836e-05 1.030611340730603470e-04 1.235268970975755289e-04 1.379247530757495629e-04 1.471898485980553672e-04 1.528447815195520514e-04 1.551973523342525514e-04 1.557474839773774868e-04 1.546184250429201337e-04 1.523324607328373030e-04 1.495943635475496943e-04 1.455640630068098026e-04 1.292300357157565862e-04 9.954256359426350638e-05
5.639824273468113484e-05 8.285406917653113804e-05 1.109339986595217129e-04 1.379247530757495629e-04 1.606457447608514914e-04 1.772592395697421687e-04 1.882964046091194167e-04 1.943440495518863789e-04 1.977237517678862955e-04 1.986329581588472588e-04 1.978659693988761982e-04 1.960111356882454203e-04 1.918934873795670167e-04 1.727348165454712834e-04 1.364812264707088141e-04
5.657578174669710655e-05 8.477332642655200398e-05 1.156377128235785154e-04 1.471898485980553672e-04 1.772592395697421687e-04 2.032840114349004446e-04 2.226827641534463644e-04 2.349678037170956318e-04 2.430604049412853854e-04 2.473926271994254583e-04 2.489676821428830900e-04 2.484859940416175774e-04 2.445355516321756910e-04 2.222270139906853991e-04 1.784012126688926570e-04
5.581222595347527050e-05 8.529295902139442519e-05 1.181145835989985010e-04 1.528447815195520514e-04 1.882964046091194167e-04 2.226827641534463644e-04 2.527372544573299926e-04 2.745685320681515184e-04 2.898951822264367686e-04 2.996947666560958469e-04 3.048322327081581882e-04 3.063638681705309970e-04 3.029815171411250800e-04 2.778629892008688176e-04 2.264710521480561172e-04
5.385544738450698921e-05 8.413776261580951596e-05 1.182893065406111915e-04 1.551973523342525514e-04 1.943440495518863789e-04 2.349678037170956318e-04 2.745685320681515184e-04 3.086594068904392838e-04 3.345380528231492847e-04 3.525364330797509083e-04 3.634033665839951372e-04 3.684298496017710759e-04 3.664039072163745151e-04 3.400743003595550957e-04 2.833694846865753296e-04
5.119163136038421230e-05 8.180142697112475494e-05 1.171077427182538579e-04 1.557474839773774868e-04 1.977237517678862955e-04 2.430604049412853854e-04 2.898951822264367686e-04 3.345380528231492847e-04 3.730784778721934168e-04 4.023219377578313204e-04 4.217189688665462532e-04 4.328054898666793123e-04 4.342526474159203419e-04 4.099546537917766022e-04 3.485431198289750711e-04
4.825213117910713925e-05 7.879949301948952086e-05 1.147620306797911559e-04 1.546184250429201337e-04 1.986329581588472588e-04 2.473926271994254583e-04 2.996947666560958469e-04 3.525364330797509083e-04 4.023219377578313204e-04 4.444599027076455260e-04 4.749650023089877892e-04 4.945059633754753234e-04 5.014889129402348234e-04 4.824078080433286098e-04 4.182199845526094720e-04
4.508282591472612951e-05 7.543112169217461044e-05 1.116530272263903823e-04 1.523324607328373030e-04 1.978659693988761982e-04 2.489676821428830900e-04 3.048322327081581882e-04 3.634033665839951372e-04 4.217189688665462532e-04 4.749650023089877892e-04 5.177328394037727499e-04 5.481407995153533570e-04 5.630004715717622406e-04 5.538568691720695270e-04 4.897973270784100781e-04
4.246584334749147887e-05 7.246641735478466387e-05 1.085671668896883541e-04 1.495943635475496943e-04 1.960111356882454203e-04 2.484859940416175774e-04 3.063638681705309970e-04 3.684298496017710759e-04 4.328054898666793123e-04 4.945059633754753234e-04 5.481407995153533570e-04 5.907085606545735583e-04 6.160280206417361685e-04 6.225571157900819863e-04 5.622783580328851718e-04
4.032749468347877268e-05 6.967793927212140195e-05 1.050130579014689849e-04 1.455640630068098026e-04 1.918934873795670167e-04 2.445355516321756910e-04 3.029815171411250800e-04 3.664039072163745151e-04 4.342526474159203419e-04 5.014889129402348234e-04 5.630004715717622406e-04 6.160280206417361685e-04 6.530591663565060408e-04 6.812056798487138316e-04 6.295116771210966305e-04
3.396477201587557316e-05 6.007717495535083978e-05 9.181389115306798864e-05 1.292300357157565862e-04 1.727348165454712834e-04 2.222270139906853991e-04 2.778629892008688176e-04 3.400743003595550957e-04 4.099546537917766022e-04 4.824078080433286098e-04 5.538568691720695270e-04 6.225571157900819863e-04 6.812056798487138316e-04 7.851052646944323057e-04 7.906653129791815999e-04
2.437444917080936306e-05 4.344721825172647128e-05 6.823194953226895186e-05 9.954256359426350638e-05 1.364812264707088141e-04 1.784012126688926570e-04 2.264710521480561172e-04 2.833694846865753296e-04 3.485431198289750711e-04 4.182199845526094720e-04 4.897973270784100781e-04 5.622783580328851718e-04 6.295116771210966305e-04 7.906653129791815999e-04 9.978002801514884550e-04
